epoch=0
0 4 0.07386417728232467
0 9 0.059717230738184114
0 14 0.04806412178544346
0 19 0.04180173656591478
0 24 0.03695808289002192
0 29 0.03389400242108062
0 34 0.03018157485056592
0 39 0.027992677997756794
0 44 0.026640612952553
0 49 0.025360320841917878
epoch=1
1 3 0.024479709734918857
1 8 0.023852797703560736
1 13 0.02372178185213581
1 18 0.0230098227540758
1 23 0.022582240746948392
1 28 0.022268671428279613
1 33 0.022010000847994492
1 38 0.021615360396879356
1 43 0.0213708710038923
1 48 0.020957536778760794
epoch=2
2 2 0.02061144812355075
2 7 0.020430744972406552
2 12 0.02019890019064434
2 17 0.019808695835040628
2 22 0.019636245548131315
2 27 0.019440442188360073
2 32 0.01916122381388887
2 37 0.01898194440751958
2 42 0.018859638656008225
2 47 0.01863945934967574
epoch=3
3 1 0.018445553034077963
3 6 0.0182493579997142
3 11 0.018058690039010138
3 16 0.0179046478017668
3 21 0.0176721974063053
3 26 0.017555408713377383
3 31 0.0173403951462771
3 36 0.017205454862636534
3 41 0.017002886788523432
3 46 0.016909355564748662
epoch=4
4 0 0.0168951869119768
4 5 0.01667867550521727
4 10 0.016527504646498138
4 15 0.016379679971062794
4 20 0.016244319408348397
4 25 0.016093895807618712
4 30 0.016016539545690836
4 35 0.01593675681062039
4 40 0.01587259359921551
4 45 0.015738591435008886
4 50 0.015603828038030901
epoch=5
5 4 0.015514709089320814
5 9 0.015387724694883805
5 14 0.015270846011359557
5 19 0.015134638111239846
5 24 0.015005652257025576
5 29 0.01494357064804865
5 34 0.014882867560499422
5 39 0.014794094167638609
5 44 0.014699910416867608
5 49 0.014650418705588013
epoch=6
6 3 0.014517771848521394
6 8 0.014442670766700789
6 13 0.014362025439984298
6 18 0.01430943249556604
6 23 0.014261524003751998
6 28 0.014200853089650606
6 33 0.014108988270919045
6 38 0.014013716866691044
6 43 0.013950469770051703
6 48 0.013886399053345736
epoch=7
7 2 0.013871455269513614
7 7 0.013802426717799665
7 12 0.013731340724616164
7 17 0.013651484613959207
7 22 0.01358278903649161
7 27 0.013537361655965075
7 32 0.013461104839951532
7 37 0.01338977058985648
7 42 0.013342926018807754
7 47 0.013299478177005936
epoch=8
8 1 0.01326946271952209
8 6 0.013203135185684431
8 11 0.013167113379806644
8 16 0.013099718162846993
8 21 0.01306860086551005
8 26 0.013018099579870159
8 31 0.012994880265513544
8 36 0.012918276972793973
8 41 0.012865746872944554
8 46 0.012805990817262747
epoch=9
9 0 0.012774282675981647
9 5 0.012749813664329255
9 10 0.01272656162042609
9 15 0.012650317833863119
9 20 0.012705416658975096
9 25 0.012683732490794238
9 30 0.012562285273206285
9 35 0.012523414679991596
9 40 0.01246626835392811
9 45 0.012441173350396628
9 50 0.012408697059175645
epoch=10
10 4 0.012354728673558645
10 9 0.012308724855239985
10 14 0.012233317656832299
10 19 0.012236867168470368
10 24 0.012210001740105598
10 29 0.01215513049874185
10 34 0.012161239793576976
10 39 0.012110858074944632
10 44 0.012063323813041748
10 49 0.012062531182821204
epoch=11
11 3 0.012020530462204844
11 8 0.012026897674857874
11 13 0.012004192741579024
11 18 0.01198979522272031
11 23 0.011950221236851778
11 28 0.011914500207213
11 33 0.011882763209155937
11 38 0.011831604500940857
11 43 0.011815163540482874
11 48 0.011761055338015509
epoch=12
12 2 0.011726970827829076
12 7 0.011723821301965351
12 12 0.011666871248375257
12 17 0.011633989477262978
12 22 0.011615650010344099
12 27 0.01157664837168617
12 32 0.01157277532136686
12 37 0.011539715759318355
12 42 0.011502243744014417
12 47 0.011483537959028981
epoch=13
13 1 0.011459553833912313
13 6 0.01142568925843567
13 11 0.011420692035180025
13 16 0.011413486218768927
13 21 0.011379027028930941
13 26 0.01134747072645258
13 31 0.01135065653359024
13 36 0.011341445745147177
13 41 0.011326544801763538
13 46 0.011259100171859975
epoch=14
14 0 0.011225969143496068
14 5 0.011213364511825896
14 10 0.011191233588168615
14 15 0.0111620155698223
14 20 0.011128988273419122
14 25 0.011127961991114843
14 30 0.01114309545655547
14 35 0.011084849410559532
14 40 0.011050308842338784
14 45 0.011027722078847384
14 50 0.011019922684964923
epoch=15
15 4 0.011015340975072
15 9 0.011013602242210001
15 14 0.010971594158561696
15 19 0.010959263042448042
15 24 0.011031404542056604
15 29 0.010974746968832385
15 34 0.01089322899602165
15 39 0.010848239814159551
15 44 0.010836456935262233
15 49 0.010878175338641903
epoch=16
16 3 0.010832201150966033
16 8 0.01078609339669218
16 13 0.010744555432511415
16 18 0.010722698019689163
16 23 0.01069809047370209
16 28 0.010687559237885532
16 33 0.010666349030061872
16 38 0.010654588776734614
16 43 0.010641884160018017
16 48 0.010634597789004208
epoch=17
17 2 0.010613335395753657
17 7 0.010603800213969871
17 12 0.010588663951391908
17 17 0.01057660077402665
17 22 0.010557265091923588
17 27 0.010519049374180068
17 32 0.010506513869748196
17 37 0.010489934204147943
17 42 0.010476487969485217
17 47 0.010457311942951691
epoch=18
18 1 0.010440064568331553
18 6 0.010433825207056517
18 11 0.010410052222433084
18 16 0.010370292950188724
18 21 0.010367335359599694
18 26 0.010353437242784608
18 31 0.010363466748071608
18 36 0.010325873189902211
18 41 0.010305864911232587
18 46 0.010293903565334899
epoch=19
19 0 0.010276576722341592
19 5 0.010266319309728978
19 10 0.010243079154160365
19 15 0.010229374539305124
19 20 0.010210039553245455
19 25 0.010182707928004502
19 30 0.01018377809405006
19 35 0.010171715408192096
19 40 0.010137783904551419
19 45 0.010130451781331687
19 50 0.010134215737665557
epoch=20
20 4 0.01010744308276779
20 9 0.01010132673557565
20 14 0.010081836417177898
20 19 0.01005618289284821
20 24 0.01004341909214422
20 29 0.010048593392173814
20 34 0.010024215042356188
20 39 0.009996828678218033
20 44 0.009981906380437847
20 49 0.009974208286490411
epoch=21
21 3 0.0099638455060662
21 8 0.009949788140717604
21 13 0.009933487340649255
21 18 0.009918798529435485
21 23 0.00991014444571763
21 28 0.009885284982044015
21 33 0.009889379114021754
21 38 0.009862632061830637
21 43 0.00985675617629085
21 48 0.009832510010911689
epoch=22
22 2 0.009824439249805403
22 7 0.009808768585079524
22 12 0.009798795398934548
22 17 0.009790214703462467
22 22 0.009784835302623082
22 27 0.00976105406118765
22 32 0.009743589040920562
22 37 0.00972961779497333
22 42 0.00971213714070157
22 47 0.009701972398886151
epoch=23
23 1 0.009695501390162384
23 6 0.009705760433795422
23 11 0.00969743177077158
23 16 0.009655899956714332
23 21 0.009649455128949332
23 26 0.009648925821474103
23 31 0.009637646653522403
23 36 0.009606443027547326
23 41 0.00958734257013796
23 46 0.009595460003697372
epoch=24
24 0 0.009567029192576524
24 5 0.009549275903459666
24 10 0.009539618165076931
24 15 0.009531100987838206
24 20 0.009512696601919416
24 25 0.009500595631911695
24 30 0.009485109794385493
24 35 0.009470659561711956
24 40 0.009462575895400803
24 45 0.009479780115284771
24 50 0.009441534850188001
epoch=25
25 4 0.009421334321136038
25 9 0.009403402435010578
25 14 0.009406513697476184
25 19 0.009409392447214554
25 24 0.009392767926625675
25 29 0.009390083119046303
25 34 0.009364570725150586
25 39 0.009344085784034837
25 44 0.009337826305999448
25 49 0.009330698443953286
epoch=26
26 3 0.009309513240719753
26 8 0.009306549349909113
26 13 0.00928293944664337
26 18 0.009290179447849444
26 23 0.00925697483286089
26 28 0.009245106006458259
26 33 0.009236524204416516
26 38 0.009224108431615788
26 43 0.009214904567623482
26 48 0.009200169242188026
epoch=27
27 2 0.0091896621792489
27 7 0.009201053119643974
27 12 0.009173197380897478
27 17 0.009165701429738975
27 22 0.009152304040024574
27 27 0.009136673429341156
27 32 0.009126495501956568
27 37 0.009111297432888028
27 42 0.009109621832042792
27 47 0.009092117467677994
epoch=28
28 1 0.009091207719880399
28 6 0.009078165798247292
28 11 0.009054333285879117
28 16 0.0090493599952371
28 21 0.009043486961101212
28 26 0.009034790341451498
28 31 0.009055848215746835
28 36 0.008999056864159668
28 41 0.008993815132267057
28 46 0.009008458391002979
epoch=29
29 0 0.008986998971639812
29 5 0.008985141199818044
29 10 0.008987343313293612
29 15 0.009001191348556443
29 20 0.008944298286219385
29 25 0.008933685003512673
29 30 0.008949271973604643
29 35 0.008926118794229582
29 40 0.008909262001403495
29 45 0.008907166312302636
29 50 0.008876309607038295
epoch=30
30 4 0.008872880043211663
30 9 0.008882420351275407
30 14 0.008853286902646631
30 19 0.008847284159564782
30 24 0.00884957355619413
30 29 0.008839885941288766
30 34 0.008817470367464969
30 39 0.00880745840599062
30 44 0.008788928208819926
30 49 0.008782874621451659
epoch=31
31 3 0.008801917541192365
31 8 0.00878857807254867
31 13 0.008772872492090938
31 18 0.008738066736880715
31 23 0.008728008067979546
31 28 0.008723035584300936
31 33 0.008714223849627946
31 38 0.008709248398229598
31 43 0.008709679800235001
31 48 0.008681999557891057
epoch=32
32 2 0.00867536137331648
32 7 0.008668389179925656
32 12 0.008663713729000858
32 17 0.008661990840666644
32 22 0.00864910602597797
32 27 0.00863475187718394
32 32 0.008631714296193043
32 37 0.008617901840641847
32 42 0.008605076752313841
32 47 0.008594261838850332
epoch=33
33 1 0.008584814781389779
33 6 0.008590321643888212
33 11 0.00859264940592666
33 16 0.008560185622856046
33 21 0.008555206897169725
33 26 0.008539869693086418
33 31 0.008536360711891731
33 36 0.008529509359936911
33 41 0.00852119259966681
33 46 0.00851220056858532
epoch=34
34 0 0.00849805930093273
34 5 0.008503102821859006
34 10 0.008491152167385404
34 15 0.008480633903574774
34 20 0.008481829234783507
34 25 0.008457472859932274
34 30 0.008450885300674452
34 35 0.00845083779539416
34 40 0.008432609027202317
34 45 0.008426114013924794
34 50 0.008414644803676234
epoch=35
35 4 0.008421742983986399
35 9 0.008429473901034634
35 14 0.008393481930988796
35 19 0.008383230716582184
35 24 0.008376696852721518
35 29 0.008375012453149831
35 34 0.008367008251296897
35 39 0.008361162606018012
35 44 0.008353081395633219
35 49 0.008334564157245454
epoch=36
36 3 0.008331383802050334
36 8 0.008329972523970637
36 13 0.00832499616502516
36 18 0.00831805225107504
36 23 0.00831042658261047
36 28 0.008303184249038
36 33 0.008298192425319116
36 38 0.008291975750375127
36 43 0.008268994293520996
36 48 0.008260503794483717
epoch=37
37 2 0.008291426986987267
37 7 0.008262375376499133
37 12 0.008229816556242006
37 17 0.008221917696815573
37 22 0.008239452622712022
37 27 0.008218972944822342
37 32 0.008207606890334103
37 37 0.008209481829623493
37 42 0.008193198619809933
37 47 0.0081846253289873
epoch=38
38 1 0.008189158010751147
38 6 0.008179661112929459
38 11 0.00815670203596893
38 16 0.00814589518435212
38 21 0.008138919657978758
38 26 0.008133935405388624
38 31 0.008126534479870186
38 36 0.008122437613925714
38 41 0.008121861513455647
38 46 0.008107220877024509
epoch=39
39 0 0.008100005389933851
39 5 0.008093313187902212
39 10 0.008093385677335618
39 15 0.00808996177632065
39 20 0.008088425413321906
39 25 0.008079828109894303
39 30 0.008084906801541097
39 35 0.008055609783243899
39 40 0.008052146506863795
39 45 0.00804451263301596
39 50 0.008039451926567636
epoch=40
40 4 0.008029014085107831
40 9 0.008031636585062176
40 14 0.0080214074002692
40 19 0.008005110169809107
40 24 0.00800089887984826
40 29 0.007993602805096388
40 34 0.00799157718852009
40 39 0.007983697513846446
40 44 0.007970615312386941
40 49 0.007963833774208484
epoch=41
41 3 0.007961535738876459
41 8 0.007989703509698335
41 13 0.007950967839639205
41 18 0.007955754937775936
41 23 0.007921722982806086
41 28 0.007925356444195755
41 33 0.007918388315086289
41 38 0.007911873400481195
41 43 0.007902057795950943
41 48 0.0078978378501938
epoch=42
42 2 0.007891807860778756
42 7 0.007888798714994899
42 12 0.007897449195101871
42 17 0.007880206324620179
42 22 0.007885015582357657
42 27 0.00788628560708812
42 32 0.007878433880925116
42 37 0.00787328138454061
42 42 0.007852346067010338
42 47 0.0078392872707898
epoch=43
43 1 0.007831377233421635
43 6 0.007827230191646698
43 11 0.007842734234660425
43 16 0.007824887375180155
43 21 0.007814462416590905
43 26 0.0078110897703569425
43 31 0.007798202950057366
43 36 0.007793136799844943
43 41 0.007798324410378842
43 46 0.007778798350992202
epoch=44
44 0 0.007783815999605944
44 5 0.007786269030267117
44 10 0.007794091176944355
44 15 0.007764117093098167
44 20 0.007747502631521261
44 25 0.007737835600408617
44 30 0.007733360471590834
44 35 0.0077311471377203315
44 40 0.0077246024259045205
44 45 0.007723097614645093
44 50 0.007716448295649931
epoch=45
45 4 0.007714646555822793
45 9 0.007709390596982563
45 14 0.007712688611965176
45 19 0.007712034878467432
45 24 0.007717198905320905
45 29 0.007718797718592965
45 34 0.007709465122301958
45 39 0.007672205951912195
45 44 0.0076671618969198635
45 49 0.0076724302832227925
epoch=46
46 3 0.0076568509851957295
46 8 0.007647526923639087
46 13 0.007660440545516982
46 18 0.007656936494378624
46 23 0.00763971401124011
46 28 0.007627963016663466
46 33 0.007628244419355733
46 38 0.007620358609685074
46 43 0.007612617580720628
46 48 0.007607686748734917
epoch=47
47 2 0.007598856792201063
47 7 0.0075955561151178465
47 12 0.007587181811795063
47 17 0.007589917431124569
47 22 0.007594953123768682
47 27 0.007575686728718278
47 32 0.0075822446374454715
47 37 0.0075692678889757534
47 42 0.007556925754480993
47 47 0.007552790971601527
epoch=48
48 1 0.007551479180527023
48 6 0.007548137710140807
48 11 0.007538040367074041
48 16 0.007534254309095308
48 21 0.007527235290767799
48 26 0.007525175401816047
48 31 0.007511945283549979
48 36 0.007508455977173988
48 41 0.007504150651285053
48 46 0.00750180468197154
epoch=49
49 0 0.007493859538753357
49 5 0.007490680296370007
49 10 0.0074855240918763055
49 15 0.007484352645436716
49 20 0.007476595881816836
49 25 0.007472949593584338
49 30 0.007465958150955839
49 35 0.007467375613690907
49 40 0.007460182112890069
49 45 0.0074576517072059674
49 50 0.007452456947888956
epoch=50
50 4 0.007459247326526317
50 9 0.007447958342662297
50 14 0.007432451506856517
50 19 0.007430618622970938
50 24 0.007433534100070703
50 29 0.0074265752880654035
50 34 0.007418920257549535
50 39 0.007408641381845171
50 44 0.007402575352456902
50 49 0.007398211895838742
epoch=51
51 3 0.007394645513327957
51 8 0.0074086402348299
51 13 0.007385412633935534
51 18 0.007382584908261184
51 23 0.0073736747296222135
51 28 0.007370783820899467
51 33 0.00736256079183099
51 38 0.007365175333041727
51 43 0.007368544058240971
51 48 0.007351453887729422
epoch=52
52 2 0.007347365995973034
52 7 0.007341860957630478
52 12 0.007341093273131612
52 17 0.007335937808448241
52 22 0.00732969732405252
52 27 0.007325956951588778
52 32 0.0073205192392320545
52 37 0.007318511027728259
52 42 0.007311585140430304
52 47 0.00730651391305367
epoch=53
53 1 0.007300122492786836
53 6 0.007300665791277368
53 11 0.007294171631672979
53 16 0.007286113989875862
53 21 0.007281467298092049
53 26 0.007277561419150289
53 31 0.007281742817876549
53 36 0.007304660057817117
53 41 0.00726953288865545
53 46 0.007264623349881618
epoch=54
54 0 0.007259696720871637
54 5 0.007255646429980594
54 10 0.007266899846267414
54 15 0.007269169478003719
54 20 0.007255938906542093
54 25 0.00724978588970956
54 30 0.007239521319781238
54 35 0.0072348721499544055
54 40 0.00725655090503374
54 45 0.007230474726077992
54 50 0.007233170033436186
epoch=55
55 4 0.007220939093065833
55 9 0.007211983613703663
55 14 0.007210423454620093
55 19 0.007211354547991627
55 24 0.0072009555453247664
55 29 0.0072096266679089905
55 34 0.007214798226980237
55 39 0.0072220274451293915
55 44 0.007190662132493744
55 49 0.0071781340173226686
epoch=56
56 3 0.007172639069986608
56 8 0.007184222367970476
56 13 0.007173285613769352
56 18 0.007165059645556875
56 23 0.007160105795580188
56 28 0.007156452543745335
56 33 0.007149358622571428
56 38 0.007144707438813233
56 43 0.007148170519329274
56 48 0.007138301477011076
epoch=57
57 2 0.007144672901650982
57 7 0.0071532925343129475
57 12 0.007130746082142124
57 17 0.00713834018377948
57 22 0.00713243763067685
57 27 0.007123646702707287
57 32 0.007119954224191514
57 37 0.007124650925577012
57 42 0.007117722240978991
57 47 0.007103610581248575
epoch=58
58 1 0.007098644267100145
58 6 0.007100881400612545
58 11 0.00710433651823595
58 16 0.007098316166103165
58 21 0.007109933553299039
58 26 0.0070801777097433
58 31 0.007078673869498921
58 36 0.007081321779539898
58 41 0.007073382189896098
58 46 0.007073983834980644
epoch=59
59 0 0.007061443247550359
59 5 0.0070576575618125645
59 10 0.007053960886124406
59 15 0.007050526955763695
59 20 0.0070464467257373535
59 25 0.007043224743462452
59 30 0.0070343690213879
59 35 0.00703121525208012
59 40 0.00703213849755534
59 45 0.007034123601510605
59 50 0.007031933861469123
epoch=60
60 4 0.007027538121699355
60 9 0.007026283750751849
60 14 0.00701732756991645
60 19 0.007013699605713291
60 24 0.00701444909442753
60 29 0.007010660215552891
60 34 0.0070317115689851285
60 39 0.007031239560044372
60 44 0.007004119273252598
60 49 0.006994089244352278
epoch=61
61 3 0.006990946228783266
61 8 0.0069914988102965005
61 13 0.0070118176176569656
61 18 0.006982476247671252
61 23 0.00697724578535952
61 28 0.006979359958142347
61 33 0.006969293387676839
61 38 0.006964717319165255
61 43 0.006962050274973832
61 48 0.006959879018660971
epoch=62
62 2 0.006967512291463742
62 7 0.006984784404523462
62 12 0.006970443940574258
62 17 0.0069438936952011966
62 22 0.006945311891433495
62 27 0.006957270525558697
62 32 0.00693456826561988
62 37 0.006931257704046755
62 42 0.00693429693565932
62 47 0.0069273937064086985
epoch=63
63 1 0.006927190570765691
63 6 0.006924735311519339
63 11 0.00693306508154913
63 16 0.0069145831448999264
63 21 0.0069158083311576845
63 26 0.006915881780677601
63 31 0.006909961115898831
63 36 0.0069013295716466245
63 41 0.006896762002380418
63 46 0.00689705764994778
epoch=64
64 0 0.0068912460775381375
64 5 0.0068889061625828545
64 10 0.006893751290516304
64 15 0.006881143395683275
64 20 0.006880479547942646
64 25 0.00688190484241488
64 30 0.006879093098506994
64 35 0.006882943698696329
64 40 0.0068746279959273375
64 45 0.006865884097249131
64 50 0.006866248340663344
epoch=65
65 4 0.006859200265464622
65 9 0.006859093633894424
65 14 0.006858889703406492
65 19 0.006854231449700075
65 24 0.006850995902299075
65 29 0.006849143751982648
65 34 0.006844308473598411
65 39 0.0068442512736486775
65 44 0.006837989838999845
65 49 0.00683188770918419
epoch=66
66 3 0.006834543606070033
66 8 0.0068284702636228585
66 13 0.0068264619978228875
66 18 0.006825400443507881
66 23 0.006839075747700439
66 28 0.006827975502760403
66 33 0.006815909514940183
66 38 0.006814997686113206
66 43 0.006806875521542607
66 48 0.006804169852313439
epoch=67
67 2 0.006837550155636607
67 7 0.006808354596340309
67 12 0.006807878360661871
67 17 0.0067915530868673055
67 22 0.0067881476568655156
67 27 0.006789509502323943
67 32 0.006787663154338707
67 37 0.006782549125935945
67 42 0.0067801809707151725
67 47 0.006777656063718376
epoch=68
68 1 0.006774947099182004
68 6 0.00677124244725712
68 11 0.006768249833638487
68 16 0.00676553378081144
68 21 0.006766327041968469
68 26 0.00676230312598703
68 31 0.006757563606701275
68 36 0.006762122829245839
68 41 0.006753990312030838
68 46 0.006753498988900654
epoch=69
69 0 0.006746372032154509
69 5 0.00675907679999256
69 10 0.006746766132254533
69 15 0.006738273788009232
69 20 0.006737713654884127
69 25 0.006733789499384398
69 30 0.006734974267242424
69 35 0.006730162064878695
69 40 0.00673074954671044
69 45 0.006728596177206406
69 50 0.006720458638096602
epoch=70
70 4 0.006719646482533662
70 9 0.00671967069633847
70 14 0.006731723579426763
70 19 0.006729029453296609
70 24 0.006739665973062809
70 29 0.006741504397199645
70 34 0.006737950419656323
70 39 0.006714376173921281
70 44 0.00670911025163708
70 49 0.006717214975342771
epoch=71
71 3 0.006696643089023607
71 8 0.006698586759083215
71 13 0.006692785528600768
71 18 0.006690579899989759
71 23 0.006693196910890075
71 28 0.006683594271996731
71 33 0.00674195491456438
71 38 0.006712164429076264
71 43 0.006680358112724841
71 48 0.006670922442000242
epoch=72
72 2 0.006668175889853932
72 7 0.006667602163847048
72 12 0.006661913389217705
72 17 0.006662643848917971
72 22 0.006663868828926439
72 27 0.0066591408573157965
72 32 0.006651331908919142
72 37 0.0066505974331542905
72 42 0.006650906734182783
72 47 0.0066476525627056195
epoch=73
73 1 0.006657002339889403
73 6 0.006654687376337446
73 11 0.006649739248077875
73 16 0.006640244140199453
73 21 0.006638597776193145
73 26 0.006639035818186382
73 31 0.006632918233885816
73 36 0.006631754788707117
73 41 0.006629276083452001
73 46 0.006629328524820243
epoch=74
74 0 0.006634795542136745
74 5 0.006630707962192454
74 10 0.006631420928034368
74 15 0.006633117734631049
74 20 0.006631387773543602
74 25 0.006622035952510958
74 30 0.0066134278977355845
74 35 0.006608549125986351
74 40 0.006613496717389972
74 45 0.0066094527232755315
74 50 0.006604454909572287
epoch=75
75 4 0.006598324470479219
75 9 0.006595230125814503
75 14 0.006596744216648206
75 19 0.006605716872180646
75 24 0.006590848823828826
75 29 0.006596392210473345
75 34 0.00659101141770308
75 39 0.006582109454920173
75 44 0.006582839424777555
75 49 0.006578466518705692
epoch=76
76 3 0.006601871970492293
76 8 0.00659698751054124
76 13 0.006573879898714297
76 18 0.0065737201731001
76 23 0.006582265579443797
76 28 0.006569007959031021
76 33 0.006564948206263385
76 38 0.0065625912536709016
76 43 0.006565875146649406
76 48 0.006558397339105288
epoch=77
77 2 0.0065552497795203215
77 7 0.006556275543651451
77 12 0.006569056668706695
77 17 0.00655190280035857
77 22 0.0065517130501565185
77 27 0.006547953598602741
77 32 0.006545576997606328
77 37 0.0065440366371373355
77 42 0.006546091335635149
77 47 0.006539412923305176
epoch=78
78 1 0.006569169150740485
78 6 0.006536088034193285
78 11 0.006532132252757218
78 16 0.006539048446412161
78 21 0.006533590972585946
78 26 0.006526807647828373
78 31 0.006526663714978513
78 36 0.0065222654487877745
78 41 0.006521953310956531
78 46 0.006517753172342337
epoch=79
79 0 0.006519226532487098
79 5 0.006514499981684005
79 10 0.006513086089167454
79 15 0.00651818304272347
79 20 0.0065088155442167474
79 25 0.006507532497050894
79 30 0.00650565994601158
79 35 0.006502082595566583
79 40 0.006501300978119487
79 45 0.006510017461168529
79 50 0.006496112048579585
epoch=80
80 4 0.0064940300808418085
80 9 0.006495483961972169
80 14 0.006497495926214478
80 19 0.006513998175453602
80 24 0.006500383388499106
80 29 0.0064869335321013745
80 34 0.006481224653977016
80 39 0.006477985873382664
80 44 0.006477510837702251
80 49 0.006483588261622128
epoch=81
81 3 0.006475078849936694
81 8 0.0064741047403283295
81 13 0.00650890465315604
81 18 0.006480368373943614
81 23 0.006468815895626165
81 28 0.006463536035467856
81 33 0.006464994663474515
81 38 0.006475908844804542
81 43 0.006478804669112376
81 48 0.006465851724167219
epoch=82
82 2 0.006458450415458947
82 7 0.00645348027700503
82 12 0.006453650930290098
82 17 0.006454586117515463
82 22 0.006448758296257961
82 27 0.006449386620571829
82 32 0.006444767904985428
82 37 0.0064434941008147464
82 42 0.006442852546951277
82 47 0.006443433121948775
epoch=83
83 1 0.006445422795069865
83 6 0.006450278434237864
83 11 0.006439474190966658
83 16 0.006468417654226214
83 21 0.006494054719098559
83 26 0.006446169797811816
83 31 0.006436448133945238
83 36 0.006429721016004644
83 41 0.006424915785263913
83 46 0.006435138786402927
epoch=84
84 0 0.006430425703448517
84 5 0.006419474811722836
84 10 0.006420070697494578
84 15 0.0064227065199677705
84 20 0.006421429272905703
84 25 0.006414440371231911
84 30 0.006414361069491221
84 35 0.006415990597466488
84 40 0.006414489883601053
84 45 0.006412011452107867
84 50 0.006405013861721536
epoch=85
85 4 0.006409421173107474
85 9 0.006415249473686661
85 14 0.006405034525054277
85 19 0.006402872311592279
85 24 0.0063991882458505804
85 29 0.006397435449502082
85 34 0.006394612188807151
85 39 0.0063993617696146985
85 44 0.006390539258896703
85 49 0.006389208283385486
epoch=86
86 3 0.006389636137367211
86 8 0.006385006881409996
86 13 0.006385382733043242
86 18 0.006416130764367681
86 23 0.006387257905959136
86 28 0.0063771386020098995
86 33 0.006376564959057742
86 38 0.006385379428771327
86 43 0.006393284705354769
86 48 0.006375005698139895
epoch=87
87 2 0.006370874727401659
87 7 0.006375511935290007
87 12 0.006395788866813426
87 17 0.00636557564261325
87 22 0.0063639339826609105
87 27 0.006363268724246907
87 32 0.00636120345290677
87 37 0.006358596371642092
87 42 0.006364043947460475
87 47 0.006372519808617394
epoch=88
88 1 0.006356470715981285
88 6 0.006353530404754717
88 11 0.00635309872119942
88 16 0.006354708370762291
88 21 0.006357362148581086
88 26 0.006348787951787439
88 31 0.006364230854939173
88 36 0.00638217823921653
88 41 0.006345944283431
88 46 0.006339447001115307
epoch=89
89 0 0.006339552111219933
89 5 0.006339448944555172
89 10 0.006337028016614533
89 15 0.0063357054611241385
89 20 0.006333821083020742
89 25 0.006341744651418479
89 30 0.006332338529075664
89 35 0.006331043200341579
89 40 0.006328073421689257
89 45 0.006327048193228812
89 50 0.006325922215181431
epoch=90
90 4 0.006334577303579253
90 9 0.006324626285878306
90 14 0.00632167640711598
90 19 0.006330207545727473
90 24 0.006333598484781907
90 29 0.006316728297475754
90 34 0.006317945944001309
90 39 0.006315748037853727
90 44 0.006311039634289516
90 49 0.006309981819595107
epoch=91
91 3 0.006309517396900784
91 8 0.0063119554780833136
91 13 0.006308693432899414
91 18 0.0063059416078500505
91 23 0.0063011596488226854
91 28 0.006306571420249103
91 33 0.006299607137244218
91 38 0.006298318204563538
91 43 0.006298780870149593
91 48 0.00629561900494103
epoch=92
92 2 0.0063071383017942635
92 7 0.0062949957096293885
92 12 0.006291736883993221
92 17 0.006296898075675398
92 22 0.00629463854227378
92 27 0.0062975832837109036
92 32 0.00629120455137195
92 37 0.006296009914469458
92 42 0.006283978454155558
92 47 0.006288179978680303
epoch=93
93 1 0.006285974919481246
93 6 0.00628067398554523
93 11 0.006285071686238398
93 16 0.006289329256300371
93 21 0.006286443758421397
93 26 0.00628065505613205
93 31 0.006284625046932732
93 36 0.006275717629034218
93 41 0.006269449796110071
93 46 0.006267173473712254
epoch=94
94 0 0.0062685802999232
94 5 0.006268520131435967
94 10 0.006269245059115342
94 15 0.006288981989505647
94 20 0.0062703029029621314
94 25 0.006261326563131487
94 30 0.006258828846614398
94 35 0.006264060031320903
94 40 0.006255445518624371
94 45 0.006256536536774959
94 50 0.006254876721722252
epoch=95
95 4 0.006252229165761581
95 9 0.006266002405949347
95 14 0.006270162300541765
95 19 0.006248907679653722
95 24 0.006248158431604326
95 29 0.006250574778779487
95 34 0.006246575188943314
95 39 0.006243739138817738
95 44 0.006242439314187538
95 49 0.006240484448076218
epoch=96
96 3 0.006243131828034167
96 8 0.0062584099108535735
96 13 0.006237501328838041
96 18 0.006236378685101269
96 23 0.006241477610987936
96 28 0.006235386645913436
96 33 0.006233294074834314
96 38 0.00623124450978262
96 43 0.006234827671285
96 48 0.006231295034830154
epoch=97
97 2 0.006238170104233757
97 7 0.006231295546616549
97 12 0.006226786491086798
97 17 0.006228380672664413
97 22 0.00623022331128777
97 27 0.006223072404803914
97 32 0.0062239100062785775
97 37 0.0062465343204651065
97 42 0.006235023261357826
97 47 0.006218333084749278
epoch=98
98 1 0.006224629450079492
98 6 0.006218540079540045
98 11 0.0062134443879839065
98 16 0.006211867408148031
98 21 0.006228038571373219
98 26 0.006220303241855226
98 31 0.006214999847160927
98 36 0.0062083591559071016
98 41 0.0062124224982843725
98 46 0.006214297365549661
epoch=99
99 0 0.006204006510908532
99 5 0.006202672905932852
99 10 0.00620212204101204
99 15 0.006199257449818762
99 20 0.006198290897638623
99 25 0.006202862231975386
99 30 0.006204204290538664
99 35 0.006198045913408397
99 40 0.006194849775764329
99 45 0.006192725568066601
99 50 0.006195451215323885
epoch=100
100 4 0.006193551432526253
100 9 0.006191435193908296
100 14 0.0062078237699380485
100 19 0.0062114144352112734
100 24 0.006197396509172953
100 29 0.006197440495543194
100 34 0.006187194545201793
100 39 0.0061848087246901716
100 44 0.006181550620634454
100 49 0.006181854960993279
epoch=101
101 3 0.006177602908241585
101 8 0.0061778300559601936
101 13 0.00617706686479238
101 18 0.006177706427989702
101 23 0.006172964996342673
101 28 0.006174811561521614
101 33 0.006171116368052067
101 38 0.0061731021960624985
101 43 0.006173842728709541
101 48 0.006169481248506679
epoch=102
102 2 0.006169257593485722
102 7 0.006167992635140879
102 12 0.006168830937871815
102 17 0.006165801306330611
102 22 0.006173305058726787
102 27 0.0061626577772985495
102 32 0.006161610357434082
102 37 0.00616479700038787
102 42 0.006160124263137926
102 47 0.0061589291665850475
epoch=103
103 1 0.00615839993276945
103 6 0.006166922770231801
103 11 0.006157420012725572
103 16 0.0061583122795951855
103 21 0.006155940195466495
103 26 0.006152297948177431
103 31 0.006161397319657014
103 36 0.006152382983585577
103 41 0.00615138916758429
103 46 0.006148056520546523
epoch=104
104 0 0.006147443492994198
104 5 0.006145304063780712
104 10 0.0061455191559876
104 15 0.006143620639319423
104 20 0.006143597695887526
104 25 0.006140608803765414
104 30 0.0061513116512404925
104 35 0.006149528424283543
104 40 0.006137269118927172
104 45 0.006142328698300958
104 50 0.006143683627615898
epoch=105
105 4 0.006135799974048675
105 9 0.00613496928900875
105 14 0.006136574026246544
105 19 0.006134950688496334
105 24 0.006131481503522544
105 29 0.006128960593261612
105 34 0.006129165146282055
105 39 0.006129398638416685
105 44 0.006127256092477091
105 49 0.006126973376680972
epoch=106
106 3 0.006125160086500739
106 8 0.0061277825982030895
106 13 0.006123377956496769
106 18 0.0061254334185131785
106 23 0.006125906039922308
106 28 0.006132335738669451
106 33 0.0061197090728542635
106 38 0.006120238128800649
106 43 0.006118432793595522
106 48 0.006119925160659575
epoch=107
107 2 0.006130892681493314
107 7 0.006113545810142455
107 12 0.006112266239509689
107 17 0.006113014451849168
107 22 0.006110237363751477
107 27 0.006109973413420239
107 32 0.006109282656147394
107 37 0.006108371705150304
107 42 0.006109353016137997
107 47 0.006106654439037587
epoch=108
108 1 0.006105469539451778
108 6 0.006103521519970744
108 11 0.006108315877764998
108 16 0.0061019647794559794
108 21 0.006101440131172195
108 26 0.00610065489045619
108 31 0.006099599700193723
108 36 0.006098970889374256
108 41 0.006097868822861881
108 46 0.006099807700315828
epoch=109
109 0 0.0061084484325702225
109 5 0.0060973557619301445
109 10 0.006096818110565337
109 15 0.006094301735418037
109 20 0.00609375971876747
109 25 0.006095792282815975
109 30 0.006103864921314964
109 35 0.006091977223717816
109 40 0.006089847630979494
109 45 0.0060904188886064395
109 50 0.006088326045393237
epoch=110
110 4 0.006088015862222414
110 9 0.0060895197400782685
110 14 0.006086398714588296
110 19 0.006084792798847511
110 24 0.0060947319765878825
110 29 0.0060880299875668824
110 34 0.006086050763877429
110 39 0.006090226316049041
110 44 0.006080245192720203
110 49 0.0060817801528961005
epoch=111
111 3 0.006078403917589236
111 8 0.006079537281861755
111 13 0.006076888813944744
111 18 0.006095311488622852
111 23 0.00608789749187182
111 28 0.006073263525601799
111 33 0.006072995608635662
111 38 0.0060747331153959
111 43 0.006070852540871694
111 48 0.0060698811847825435
epoch=112
112 2 0.006072772861901484
112 7 0.006074173781206151
112 12 0.006079530046199448
112 17 0.0060701315082352944
112 22 0.006066078958564551
112 27 0.00606666880365245
112 32 0.0060723387236293865
112 37 0.006064660639091308
112 42 0.006072937011192949
112 47 0.006061002387241957
epoch=113
113 1 0.006059143796316895
113 6 0.006061511724771487
113 11 0.006077024309110086
113 16 0.006060485456092324
113 21 0.006060245112333498
113 26 0.006060782947475063
113 31 0.006054662816841771
113 36 0.006053949069322917
113 41 0.006053323266521965
113 46 0.006053916232197585
epoch=114
114 0 0.006052735420630043
114 5 0.006050574552423394
114 10 0.006050697161561779
114 15 0.006052049231708574
114 20 0.006053194299603465
114 25 0.006056297901064897
114 30 0.006056019879546261
114 35 0.006048205972319374
114 40 0.0060465773540277845
114 45 0.006046608802346231
114 50 0.0060436983348119006
epoch=115
115 4 0.0060492447172436105
115 9 0.00604441500929338
115 14 0.006041361034581333
115 19 0.006039498856366547
115 24 0.006041746028782664
115 29 0.0060404182291359946
115 34 0.006043158326733435
115 39 0.006050003663019822
115 44 0.006036199775719503
115 49 0.006041825886622056
epoch=116
116 3 0.00604968047243458
116 8 0.006053486444432282
116 13 0.00606557405543991
116 18 0.006039390711014762
116 23 0.0060362193808876086
116 28 0.006031956473885987
116 33 0.0060365850441654895
116 38 0.006052127142567212
116 43 0.006029091126580631
116 48 0.006027578786952942
epoch=117
117 2 0.0060295086654892594
117 7 0.00605306322527926
117 12 0.006032050083127025
117 17 0.006027397252348858
117 22 0.006029175686347601
117 27 0.006027278386265458
117 32 0.00602200723743194
117 37 0.006030898580912337
117 42 0.00602857059820043
117 47 0.006019729561299986
epoch=118
118 1 0.006020253335999442
118 6 0.00602267552331266
118 11 0.00601887608573342
118 16 0.006019364258271059
118 21 0.006021565207079469
118 26 0.00602947121099934
118 31 0.00603298548338038
118 36 0.006015536683179134
118 41 0.006014590425800097
118 46 0.006012485549183953
epoch=119
119 0 0.006014315697927762
119 5 0.006010833188776879
119 10 0.006010180243622225
119 15 0.00600919139904041
119 20 0.0060090351308597365
119 25 0.006007653699548346
119 30 0.006009349952242477
119 35 0.006005838821951352
119 40 0.006014251941011596
119 45 0.006019423781378563
119 50 0.0060074051803166795
epoch=120
120 4 0.006023181729489936
120 9 0.00600356584678765
120 14 0.00600123303559568
120 19 0.006001240690049738
120 24 0.006005933514566707
120 29 0.005999810953422494
120 34 0.006002838412539917
120 39 0.005998406839646213
120 44 0.006003345579575208
120 49 0.005998675525559544
epoch=121
121 3 0.0059972471858358856
121 8 0.006001050383235263
121 13 0.005995473637354262
121 18 0.006004441198624937
121 23 0.006021263874704344
121 28 0.006023389866320603
121 33 0.006026956911143961
121 38 0.006002194296694793
121 43 0.005992758261891092
121 48 0.005995380140444089
epoch=122
122 2 0.005989958964602819
122 7 0.00599093548433469
122 12 0.005993466599060486
122 17 0.005996702021799469
122 22 0.006010220952715382
122 27 0.005995162116195632
122 32 0.006000087840477243
122 37 0.005988579982533641
122 42 0.005987512552349821
122 47 0.005983743293272131
epoch=123
123 1 0.005985236478720587
123 6 0.005997596831270305
123 11 0.005992777109859593
123 16 0.005985203113945023
123 21 0.005984048745467308
123 26 0.005980639227826241
123 31 0.005985263079195751
123 36 0.0059779662410418405
123 41 0.005977998449715449
123 46 0.005988748691382674
epoch=124
124 0 0.005987129986673188
124 5 0.0059771459884748425
124 10 0.00597634971442106
124 15 0.0059740063010818864
124 20 0.005982891641665345
124 25 0.005973232598908043
124 30 0.005974658786978022
124 35 0.0059740542388439805
124 40 0.005971968461398662
124 45 0.005971210709143401
124 50 0.005970400188546486
epoch=125
125 4 0.005975684439816041
125 9 0.005969602236072005
125 14 0.005967989743088925
125 19 0.0059915673504811195
125 24 0.005977710786424101
125 29 0.005973001536421462
125 34 0.005969152080850202
125 39 0.005965344628930704
125 44 0.005971862910522773
125 49 0.005963329845708905
epoch=126
126 3 0.00596348238000371
126 8 0.005964821974126779
126 13 0.005963679021498209
126 18 0.005963419753615115
126 23 0.0059604451031584444
126 28 0.005970458808359025
126 33 0.005959699479786072
126 38 0.005959318588681592
126 43 0.00595848125676999
126 48 0.005964065760964757
epoch=127
127 2 0.005965323418374909
127 7 0.005995281941160049
127 12 0.00596790193671998
127 17 0.005985334084019773
127 22 0.005957962001903634
127 27 0.00595418130666775
127 32 0.005953168889790256
127 37 0.005953194980857497
127 42 0.00596720375809304
127 47 0.005952824027435026
epoch=128
128 1 0.005951222537392815
128 6 0.005950296057765477
128 11 0.005950344935554447
128 16 0.005955880412896267
128 21 0.00594921932395062
128 26 0.005950934184969127
128 31 0.005960167257970418
128 36 0.005951737317421273
128 41 0.005946352342079083
128 46 0.005945406127452477
epoch=129
129 0 0.005953245166458003
129 5 0.005943979950469176
129 10 0.005946082394103485
129 15 0.005943395067897238
129 20 0.005950023070365761
129 25 0.005944393059593953
129 30 0.005944854410392519
129 35 0.005954108861023641
129 40 0.005940674850073888
129 45 0.005942852392863355
129 50 0.005939277766707579
epoch=130
130 4 0.00594174240127712
130 9 0.005950776963996608
130 14 0.0059395536800128535
130 19 0.005937083155213202
130 24 0.005936962001290305
130 29 0.005935830782326093
130 34 0.005937479557502633
130 39 0.005934239768131659
130 44 0.005942286344734199
130 49 0.005932519341212104
epoch=131
131 3 0.005939333177580141
131 8 0.005932621963314962
131 13 0.005933021713995308
131 18 0.005935187568820203
131 23 0.00593140035251911
131 28 0.005928974397887701
131 33 0.005929804547343443
131 38 0.005929128228191089
131 43 0.0059304687638853885
131 48 0.005930743639741857
epoch=132
132 2 0.005935148020164485
132 7 0.0059259524367810835
132 12 0.005928738309032932
132 17 0.005925169518691938
132 22 0.0059336178748545815
132 27 0.005931456609516488
132 32 0.005933806449371674
132 37 0.0059334569113721645
132 42 0.005921971121382784
132 47 0.00592328795697463
epoch=133
133 1 0.005922385568231892
133 6 0.0059298683314729815
133 11 0.005937868691018257
133 16 0.005946976529845914
133 21 0.0059477509522965115
133 26 0.00592817245568619
133 31 0.00591827906705745
133 36 0.005923449596871107
133 41 0.005916092138174644
133 46 0.005919115984875823
epoch=134
134 0 0.005945553852751706
134 5 0.005940238349761396
134 10 0.005980032280992648
134 15 0.005939593162686055
134 20 0.005911871785826765
134 25 0.005911478302081133
134 30 0.005911793315658211
134 35 0.0059108005507241285
134 40 0.0059148129540365964
134 45 0.005920107085023628
134 50 0.005911091385598928
epoch=135
135 4 0.005923746903566011
135 9 0.005909198733891068
135 14 0.005909084333162017
135 19 0.005908964965005795
135 24 0.005911365766967348
135 29 0.005906921048624661
135 34 0.005906603364891441
135 39 0.005905687145301324
135 44 0.005905335953499261
135 49 0.005904626011138681
epoch=136
136 3 0.005903702748018894
136 8 0.005907945277897627
136 13 0.005914662671422531
136 18 0.005902026544151138
136 23 0.005901139393773051
136 28 0.00590491225839109
136 33 0.0059013891993786064
136 38 0.005901699977654064
136 43 0.005899345719777705
136 48 0.005899525132219288
epoch=137
137 2 0.005907858467171817
137 7 0.005904391369471826
137 12 0.005901047133370301
137 17 0.005898242927095245
137 22 0.005903576479375642
137 27 0.0059057239621042555
137 32 0.005909947877352259
137 37 0.0059055900610023825
137 42 0.005902300052169749
137 47 0.005905209896135357
epoch=138
138 1 0.005896753109949225
138 6 0.005892755443057765
138 11 0.005896438185926119
138 16 0.005900322991659665
138 21 0.005916407925381896
138 26 0.0058944595292205245
138 31 0.0058942506793414
138 36 0.005905139798679526
138 41 0.005890866396105608
138 46 0.005890001263023805
epoch=139
139 0 0.00590819619336285
139 5 0.0058968398243078165
139 10 0.005921455958081228
139 15 0.005890564460691252
139 20 0.005896862308302473
139 25 0.0059042047825684126
139 30 0.0059056105580414416
139 35 0.005887958267452238
139 40 0.005885459337228421
139 45 0.005884428869037387
139 50 0.005884400358461189
epoch=140
140 4 0.005891458253784409
140 9 0.005882416907333759
140 14 0.005883159781576307
140 19 0.0058813058749542565
140 24 0.005885080658802691
140 29 0.005881027071561008
140 34 0.005880963718286263
140 39 0.005880601961271613
140 44 0.005902412472867005
140 49 0.005879588074315235
epoch=141
141 3 0.0058787006951239885
141 8 0.005878804661235939
141 13 0.005882227459875609
141 18 0.0058893723784444
141 23 0.005883372432052679
141 28 0.005876981246117307
141 33 0.005876083103578912
141 38 0.005875619478175839
141 43 0.005876098064455807
141 48 0.005874755243921979
epoch=142
142 2 0.005876252043326194
142 7 0.005874291951830426
142 12 0.005898018116733763
142 17 0.005896012381939185
142 22 0.005892309320701998
142 27 0.005882043479979627
142 32 0.005872051155650916
142 37 0.005874627322055772
142 42 0.005876679792717928
142 47 0.005873058137961895
epoch=143
143 1 0.005876878328667748
143 6 0.005880658913331279
143 11 0.005870050344154086
143 16 0.005870966400099862
143 21 0.005867663747705498
143 26 0.005868647885337796
143 31 0.005868175533809936
143 36 0.005866467051156516
143 41 0.0058658409874416065
143 46 0.005866051277600257
epoch=144
144 0 0.005866077081974839
144 5 0.005864993597677681
144 10 0.0058645013713796955
144 15 0.0058638376439376924
144 20 0.005866256184623285
144 25 0.005864002414074811
144 30 0.005863631376570973
144 35 0.0058661420034416
144 40 0.005864442011225702
144 45 0.0058655052636905755
144 50 0.005861974550953654
epoch=145
145 4 0.005872067522757559
145 9 0.005866167194226324
145 14 0.005881249895399418
145 19 0.00587861138921615
145 24 0.005858362743042604
145 29 0.005862376484852582
145 34 0.005858945264148329
145 39 0.005900422632138369
145 44 0.005878848168684842
145 49 0.005856975465036345
epoch=146
146 3 0.005861259257637396
146 8 0.0058680121516106794
146 13 0.005874182868023712
146 18 0.00586229607198233
146 23 0.005863751388925485
146 28 0.005855347083476182
146 33 0.005853400473183526
146 38 0.005853166242582168
146 43 0.005852829658792451
146 48 0.005854953148292358
epoch=147
147 2 0.0058515315189093305
147 7 0.005851190968389694
147 12 0.00585087730301059
147 17 0.005864562314537283
147 22 0.005860641823850883
147 27 0.005854031347429924
147 32 0.005850774101309145
147 37 0.005849287376510476
147 42 0.005848242539149593
147 47 0.005848042752998113
epoch=148
148 1 0.005850616142335449
148 6 0.005847158385790868
148 11 0.005846960033882524
148 16 0.005846730084703828
148 21 0.005846744618892593
148 26 0.005847831216375826
148 31 0.005847604585910126
148 36 0.005846221263210265
148 41 0.005848872836795128
148 46 0.005845451791788159
epoch=149
149 0 0.005843929155269131
149 5 0.005843217643404232
149 10 0.005842976154997169
149 15 0.0058513140254341
149 20 0.005841811245966832
149 25 0.00584554310059578
149 30 0.005841324088868931
149 35 0.005845270063311376
149 40 0.005851452799783785
149 45 0.005840549347661523
149 50 0.005840156416999367
epoch=150
150 4 0.005843879805406505
150 9 0.0058396216305618065
150 14 0.005837454651514705
150 19 0.005837376876611878
150 24 0.005843736073568994
150 29 0.0058416090369359085
150 34 0.005838070221006137
150 39 0.005838339436871827
150 44 0.005837182835241071
150 49 0.00583525899340181
epoch=151
151 3 0.005834785967367014
151 8 0.00583794241824061
151 13 0.005835627023626851
151 18 0.005834407074364676
151 23 0.005837796111040277
151 28 0.005834793747306605
151 33 0.00583536748694039
151 38 0.005840737221736899
151 43 0.005857985579164666
151 48 0.005831358063687578
epoch=152
152 2 0.005835596130017967
152 7 0.005836266765286364
152 12 0.005868141768059909
152 17 0.005878736716320731
152 22 0.00583255916332808
152 27 0.0058290109236886385
152 32 0.005828201967025477
152 37 0.005830620785603783
152 42 0.005841171877763391
152 47 0.005877053007152828
epoch=153
153 1 0.005846231435332906
153 6 0.005844218870330049
153 11 0.005827635383666154
153 16 0.005827100555350237
153 21 0.00582656989258047
153 26 0.0058262777841395896
153 31 0.005825252719753084
153 36 0.0058273690667727494
153 41 0.0058238815744767174
153 46 0.005828150621381983
epoch=154
154 0 0.005827931457241252
154 5 0.005823435889936397
154 10 0.005825512406617971
154 15 0.005831317105176946
154 20 0.005822153671059506
154 25 0.005824400706529691
154 30 0.005828696416059758
154 35 0.0058214388470996335
154 40 0.005827719841569191
154 45 0.005824576161159229
154 50 0.005819564460555084
epoch=155
155 4 0.00582009630030316
155 9 0.005838229991098978
155 14 0.005830254584035255
155 19 0.005821676610513063
155 24 0.0058177115681915135
155 29 0.005851724438898306
155 34 0.005826206384687583
155 39 0.005821287695863697
155 44 0.00581582138601483
155 49 0.005816439229779916
epoch=156
156 3 0.005829919391343849
156 8 0.00586033384037625
156 13 0.005838613516242573
156 18 0.005821666415569515
156 23 0.005816611645253441
156 28 0.005814457106634547
156 33 0.0058140953832312966
156 38 0.005818421260316421
156 43 0.00582096070607503
156 48 0.0058155260343753165
epoch=157
157 2 0.005812927343695328
157 7 0.005812274800154087
157 12 0.005814470279658892
157 17 0.0058124191653097235
157 22 0.005823079705632707
157 27 0.005813597305261458
157 32 0.0058093315701816875
157 37 0.00580928956799893
157 42 0.005820032382955416
157 47 0.005821317136105715
epoch=158
158 1 0.005825463946999769
158 6 0.005823219762592631
158 11 0.005817058268927478
158 16 0.005809865068467065
158 21 0.005809266328008361
158 26 0.0058158966179569895
158 31 0.005808547797512857
158 36 0.005813628779905027
158 41 0.005808228793976645
158 46 0.005805444913637809
epoch=159
159 0 0.005809102464922607
159 5 0.005809577577023634
159 10 0.005804709828855865
159 15 0.005807186429984881
159 20 0.005804115041403084
159 25 0.005802285956016181
159 30 0.005809314969487175
159 35 0.005802825960298146
159 40 0.005802975909685594
159 45 0.005809832740485402
159 50 0.005806807045361855
epoch=160
160 4 0.00580521009626632
160 9 0.005810500812593187
160 14 0.005810740912129778
160 19 0.005811085004120619
160 24 0.005811345393851548
160 29 0.005799219323730219
160 34 0.005802726734672019
160 39 0.005798189416673192
160 44 0.0058103760665833065
160 49 0.005799858270399636
epoch=161
161 3 0.005797671683451782
161 8 0.005798817223339984
161 13 0.005800038251525958
161 18 0.005800815102927923
161 23 0.005802143509104862
161 28 0.005795964989029917
161 33 0.0057976653701703506
161 38 0.005795521958341164
161 43 0.005796681214715786
161 48 0.005801994545265467
epoch=162
162 2 0.005801532529681409
162 7 0.005805911968776735
162 12 0.005794366213280751
162 17 0.005794122710406934
162 22 0.005793841127261792
162 27 0.005793378783936534
162 32 0.005796226310021253
162 37 0.005792407602565766
162 42 0.005791501375365006
162 47 0.005791555431669951
epoch=163
163 1 0.005800572576457208
163 6 0.005794105809989744
163 11 0.005802459066226547
163 16 0.00579301028689713
163 21 0.005795173047351311
163 26 0.005798092415690304
163 31 0.005834670966686358
163 36 0.00579315093343878
163 41 0.0057924380744215605
163 46 0.0057968568886369466
epoch=164
164 0 0.005787855505600696
164 5 0.005789239728805218
164 10 0.0057870878015118445
164 15 0.005786405518409161
164 20 0.005786090093645068
164 25 0.005787332178550376
164 30 0.005785527711220075
164 35 0.005787988783876106
164 40 0.005798046498690802
164 45 0.005786675492837566
164 50 0.005788350821398597
epoch=165
165 4 0.0057872313567457435
165 9 0.00582560697029659
165 14 0.005793102894702485
165 19 0.005793425992769356
165 24 0.005787590439306936
165 29 0.0057830882321735005
165 34 0.005787612216513361
165 39 0.00579691490016273
165 44 0.005784031079706688
165 49 0.005784196604204203
epoch=166
166 3 0.005782888020953105
166 8 0.005802429810907279
166 13 0.005785556868285521
166 18 0.00578201625587232
166 23 0.005779768349669329
166 28 0.005794618667237459
166 33 0.005803480936814824
166 38 0.005800315460245338
166 43 0.005782336458454285
166 48 0.005778987225061923
epoch=167
167 2 0.005784218425638812
167 7 0.005781342870872404
167 12 0.005777690848772698
167 17 0.005778569193860122
167 22 0.005784344477419569
167 27 0.005781094736874874
167 32 0.005784200158781892
167 37 0.005788268551029127
167 42 0.005776082043998244
167 47 0.0057756734467741735
epoch=168
168 1 0.005776012268870381
168 6 0.00577655249961058
168 11 0.005776870126785025
168 16 0.005779687842148924
168 21 0.0057745317078964084
168 26 0.005773573284522472
168 31 0.005779320301178178
168 36 0.005777422741725097
168 41 0.0057736048612282926
168 46 0.005773934493144286
epoch=169
169 0 0.005778148456766703
169 5 0.005777652340497408
169 10 0.0057807513127094
169 15 0.005783141542891212
169 20 0.005798499213889699
169 25 0.00577759962314008
169 30 0.005787238452257654
169 35 0.005776164349474285
169 40 0.0057707581912375345
169 45 0.005779140492714004
169 50 0.005770850578814153
epoch=170
170 4 0.005768765780607464
170 9 0.005775568687102195
170 14 0.005770284489182851
170 19 0.005782806007452074
170 24 0.005775465422051501
170 29 0.005767590680631205
170 34 0.005767005766332887
170 39 0.0057719655447417105
170 44 0.005766752898432371
170 49 0.005767086618417521
epoch=171
171 3 0.005782549974268103
171 8 0.005786014200710403
171 13 0.005767724127946972
171 18 0.005770443473832729
171 23 0.005771094089092942
171 28 0.005764850855156582
171 33 0.005764067225953482
171 38 0.005769383934692689
171 43 0.005766199950232847
171 48 0.005763636691701542
epoch=172
172 2 0.005763323241559312
172 7 0.005766613288836466
172 12 0.005770569630600416
172 17 0.0057798243104923
172 22 0.005774516593567638
172 27 0.005769079374949993
172 32 0.0057628682900247655
172 37 0.005775800993861235
172 42 0.005760998156263682
172 47 0.0057739809535014095
epoch=173
173 1 0.005760546913525494
173 6 0.005765427091426622
173 11 0.005760673889240275
173 16 0.005763962489155664
173 21 0.005770031963998566
173 26 0.005780512868590306
173 31 0.005785463894335968
173 36 0.0057596888741894324
173 41 0.005768160181660768
173 46 0.005757704483764378
epoch=174
174 0 0.00576034286812878
174 5 0.005758013141881343
174 10 0.0057620375345972235
174 15 0.005759369181121689
174 20 0.005769276482829769
174 25 0.005780895277903067
174 30 0.005768990373563747
174 35 0.005757488875444119
174 40 0.005755700899386576
174 45 0.005755809167616599
174 50 0.005756704822195233
epoch=175
175 4 0.005766242788024481
175 9 0.005754454264794082
175 14 0.005778448680949733
175 19 0.00575405905432376
175 24 0.005759257220386343
175 29 0.005755399660370453
175 34 0.0057556848512942075
175 39 0.005752862236778267
175 44 0.005752436684480743
175 49 0.005752814974951191
epoch=176
176 3 0.005752818844725356
176 8 0.0057593564296076006
176 13 0.005754504972804919
176 18 0.005753573934540714
176 23 0.00575143281151971
176 28 0.005752736415346759
176 33 0.00575315566440505
176 38 0.005753865646877613
176 43 0.00575837842171684
176 48 0.00574973351106888
epoch=177
177 2 0.005750502037050066
177 7 0.005749891399376492
177 12 0.005754160331865282
177 17 0.005771524723533339
177 22 0.005763378498745466
177 27 0.0057640078672353545
177 32 0.005756804134543305
177 37 0.005748518710359873
177 42 0.005747940757489335
177 47 0.005751674382582558
epoch=178
178 1 0.005747802931542402
178 6 0.005751158852955403
178 11 0.005746126385935699
178 16 0.005746864458026396
178 21 0.005749411149612096
178 26 0.005747155164905428
178 31 0.005749001745370979
178 36 0.005750490673453379
178 41 0.00574496363541286
178 46 0.005747882984157696
epoch=179
179 0 0.005747090159342998
179 5 0.005744107553840263
179 10 0.005743842561081491
179 15 0.005744989266806832
179 20 0.00574936234508351
179 25 0.005752132394844394
179 30 0.005743894216016154
179 35 0.00574437903213549
179 40 0.0057430471843876625
179 45 0.00574348030407005
179 50 0.0057427923873245796
epoch=180
180 4 0.005744024605918182
180 9 0.005750653960668484
180 14 0.005763413942812703
180 19 0.005769089271861401
180 24 0.005748083506464541
180 29 0.005740302125313207
180 34 0.00574011507864277
180 39 0.005743976808292769
180 44 0.005752669659892313
180 49 0.005741777209063157
epoch=181
181 3 0.0057405575012504685
181 8 0.005738661222055264
181 13 0.00574437187790093
181 18 0.005746565472544534
181 23 0.005747955064000666
181 28 0.00573890032235014
181 33 0.005746626207306913
181 38 0.005737016385175595
181 43 0.005741596522149598
181 48 0.005740671251905867
epoch=182
182 2 0.0057450626922602764
182 7 0.00574118124511219
182 12 0.005741006711121034
182 17 0.0057374485912265695
182 22 0.005736881064077436
182 27 0.005735292884791996
182 32 0.005740259234097958
182 37 0.005735037154954584
182 42 0.0057346537213611
182 47 0.005741011165111252
epoch=183
183 1 0.005740518945493543
183 6 0.005738200654102166
183 11 0.005737351710095646
183 16 0.005733374282015926
183 21 0.00574098132115706
183 26 0.0057353516694029
183 31 0.005733627215516665
183 36 0.005733593440280713
183 41 0.005733253011844561
183 46 0.005733498883858733
epoch=184
184 0 0.005732809331724934
184 5 0.0057390883255847526
184 10 0.005731076879423259
184 15 0.005733886673062554
184 20 0.005733815436369043
184 25 0.005730593061435688
184 30 0.005730390303957063
184 35 0.0057307007762874874
184 40 0.0057384412896927
184 45 0.005729601621139967
184 50 0.005732964932430655
epoch=185
185 4 0.005739351631304649
185 9 0.005732089790075232
185 14 0.005737706931843141
185 19 0.005731645740915577
185 24 0.005733883657568547
185 29 0.005735838374722022
185 34 0.005734565894220974
185 39 0.005728564795109038
185 44 0.005727871475120826
185 49 0.005727765929669701
epoch=186
186 3 0.005727165028267741
186 8 0.0057289287808340505
186 13 0.005729476259309674
186 18 0.005769127351206337
186 23 0.005732498647565319
186 28 0.005726244200879074
186 33 0.005725864992628617
186 38 0.005734349783534902
186 43 0.005725581564637914
186 48 0.005728537998122897
epoch=187
187 2 0.005725416556196842
187 7 0.005723893653828692
187 12 0.0057342257115732004
187 17 0.005737116825644586
187 22 0.005723401851064823
187 27 0.005723419302767173
187 32 0.005729491339504863
187 37 0.005724958763478336
187 42 0.005726045240480493
187 47 0.0057221270243645915
epoch=188
188 1 0.00572638767964721
188 6 0.005722542960093643
188 11 0.005730675067948198
188 16 0.00572846796507891
188 21 0.005721303081502557
188 26 0.005721152754899857
188 31 0.005720919668883541
188 36 0.0057253856308444005
188 41 0.005720544086617046
188 46 0.005720727195553253
epoch=189
189 0 0.0057216460271604435
189 5 0.005725940388248639
189 10 0.005723355325384351
189 15 0.005732317381452353
189 20 0.005722888997982934
189 25 0.0057187420092404545
189 30 0.0057227818438834
189 35 0.005718715253326301
189 40 0.005726967300895053
189 45 0.005725623661810237
189 50 0.0057254507197003635
epoch=190
190 4 0.005719967034001602
190 9 0.005724726200606638
190 14 0.00572119617996891
190 19 0.005718539225683385
190 24 0.005723786603145285
190 29 0.0057469487576109445
190 34 0.00573700096058229
190 39 0.005717961475437161
190 44 0.0057184803427553135
190 49 0.005715844858493186
epoch=191
191 3 0.0057155149823744315
191 8 0.00571569287833284
191 13 0.005716203458108979
191 18 0.0057153872672679705
191 23 0.0057145441135291325
191 28 0.00572168707930487
191 33 0.005713819668747795
191 38 0.005714963159734016
191 43 0.00571411854470203
191 48 0.005722241192272994
epoch=192
192 2 0.00572964084325023
192 7 0.005713519197793756
192 12 0.005718377554595855
192 17 0.005719434677857146
192 22 0.005738135618681431
192 27 0.005721504501849296
192 32 0.0057122098537586595
192 37 0.005717611893778198
192 42 0.005711893126331582
192 47 0.005714171973584033
epoch=193
193 1 0.005712856035273489
193 6 0.005714123824448356
193 11 0.0057112846686475935
193 16 0.0057109138327546575
193 21 0.0057125915831422736
193 26 0.005710283036360512
193 31 0.005710620743059494
193 36 0.005716047031226617
193 41 0.005731341959542422
193 46 0.0057161764851686005
epoch=194
194 0 0.005710998768794982
194 5 0.0057112476425183805
194 10 0.005709205036507621
194 15 0.0057088195837281695
194 20 0.005710401814001628
194 25 0.005712384236391577
194 30 0.005710163560919289
194 35 0.005707738164321066
194 40 0.005713961040843651
194 45 0.00570724067709851
194 50 0.00570968974053176
epoch=195
195 4 0.005714568190367993
195 9 0.005711048397951212
195 14 0.005722027663205886
195 19 0.0057179649866521826
195 24 0.005706465383830054
195 29 0.0057100854731076504
195 34 0.005707041015674531
195 39 0.005706709552744282
195 44 0.0057099187881006225
195 49 0.005704817014314756
epoch=196
196 3 0.005705380341735809
196 8 0.005706055659178401
196 13 0.005709429829694425
196 18 0.0057047980340830815
196 23 0.005704423779147035
196 28 0.005707115990797941
196 33 0.005736476812709696
196 38 0.005711113264140728
196 43 0.005705731548895583
196 48 0.005702939302284446
epoch=197
197 2 0.0057093549574275815
197 7 0.005709196014567608
197 12 0.0057167708076003585
197 17 0.005709189582506553
197 22 0.005704708910451677
197 27 0.005705944692142652
197 32 0.005700678131703462
197 37 0.00570069656450496
197 42 0.005703411796493673
197 47 0.005701627844602905
epoch=198
198 1 0.005711752310289196
198 6 0.005706833453230034
198 11 0.005706730534051175
198 16 0.005699947716446668
198 21 0.0057000443275162065
198 26 0.005706871110004257
198 31 0.005706370732234652
198 36 0.0057203903496055725
198 41 0.005700508895805478
198 46 0.005699285720030077
epoch=199
199 0 0.005699012729044624
199 5 0.00569882268061229
199 10 0.005698510455141168
199 15 0.0056983887769450695
199 20 0.0057008172449994855
199 25 0.005702324815610011
199 30 0.005700458423779648
199 35 0.005699221954279562
199 40 0.005719937513622131
199 45 0.005700903315155927
199 50 0.005698351746410919
W= [[-0.0862547 ]
 [ 0.06364793]
 [-0.01315513]
 [ 0.06945135]
 [-0.07736615]
 [ 0.5073398 ]
 [ 0.02282262]
 [-0.16893846]
 [ 0.09164289]
 [-0.08522878]
 [-0.17460175]
 [ 0.12086385]
 [-0.39781798]]
B= [[0.29707269]]
